1034362327585267753
1036001230763348169
1040680017807552562
1042547616300421200
1054686365314470028
1058980026827149413
1060342097338712097
1060356238522712084
1068839075412447242
1068849948046675998
1076559350556000387
1079483450110779464
1082788205771886602
1083675407330582548
1083709394690248704
1086740796247642182
1092119572372533370
1098136891653623928
1100544060613214328
1103978182455074938
1107316397173911714
1109035217265623101
1110861331504058450
1118668571069915237
1119698028597616812
1130264780117123193
1135559359733178421
1135758986243756084
1135763559553450074
1140390234283053187
1141921097902731315
1144107501474828408
1144678059887308851
1146220633999540285
1148246020552130602
1149665195430510673
1150498728923381922
1153098091738714132
1154122848332415158
1157022459300683818
1157614022326243408
1160674193050964019
1161245281371836497
1161251647524196382
1168919370383249520
1169384261632151696
1172552844130398212
1173263724400885805
1173365915514044457
1175387612433883166
1186269474870022145
1187331943482806344
1191027891912319068
1191423436405346384
1198341707176087635
1201773472536334356
1204153058355847230
1205483824889204786
1216049462863204456
1218940381329096855
1221030836040630296
1225870294380445810
1225871768263196843
1226778020417634344
1233141381279645699
1236761387678699531
1237423565742018570
1240237095231029320
1241091190481223702
1244999673480085649
1246094203365228596
1246900788094308376
1247999610765709418
1249485654799155242
1249747885818515529
1250865412976152688
1252706677044543489
1256927233772224606
1257753647563935817
1259519249005805588
1259904646043013150
1260652147918377051
1261171179973251082
1261280421996658779
1262854763566076066
1263385069800914995
1265073968822616164
1265394912661082313
1265891755283452004
1267099211162452091
1267207933670981774
1268655690558345439
1270492694304657439
1270719820287184949
1273400983984017408
1275776280469438547
1279210926158905470
1279786416032841784
1283032610528039047
1288421692934197345
1293252561075441814
1308709167967637547
1309782041130172427
1311392025114837114
1312202722145075231
1316152713821818881
1317975229758443622
1329403278198444082
1330973015445602399
1331636840968486977
1334300339561693235
1334323247134543934
1336363490386120714
1336562106308493384
1340266532231712869
1342185132328751248
1343726199154933841
1345431980505829419
1345522361192939601
429971209334030336
490112835091824640
501265969134436363
880037794389557269
888730265873158197
888842292717293629
889166926515929098
911985641582104658
942526896023932959
